0000000000000000
0000001110000000
0000001110000000
0000001110000000
0000011011000000
0000011011000000
0000110001100000
0000110001100000
0001100000110000
0001100000110000
0011111111111000
0011111111111000
0110000000001100
0110000000001100
1100000000000110
1100000000000110

0000000000000000
0000001110000000
0000001110000000
0000001110000000
0000011011000000
0000011011000000
0000110001100000
0000110001100000
0001100000110000
0001100000110000
0011111111111000
0011111111111000
0110000000001100
0110000000001100
1100000000000110
1100000000000110

0000000000000000
0000001110000000
0000001110000000
0000001110000000
0000011011000000
0000011011000000
0000110001100000
0000110001100000
0001100000110000
0001100000110000
0011111111111000
0011111111111000
0110000000001100
0110000000001100
1100000000000110
1100000000000110

1111000000001111
0110000000000110
0011000000000110
0001100000001100
0000110000011000
0000011000110000
0000001101100000
0000001111000000
0000000110000000
0000001110000000
0000011001100000
0000110000110000
0001100000011000
0011000000001100
0110000000000110
1111000000001111

