0000000000000000
0000001110000000
0000001110000000
0000001110000000
0000011011000000
0000011011000000
0000110001100000
0000110001100000
0001100000110000
0001100000110000
0011111111111000
0011111111111000
0110000000001100
0110000000001100
1100000000000110
1100000000000110

0001111111000000
0001111111110000
0001100000011000
0001100000011000
0001100000011000
0001100000011000
0001100000011000
0001111111110000
0001111111110000
0001100000011000
0001100000001100
0001100000001100
0001100000001100
0001100000001100
0001111111111000
0001111111110000

0000111111100000
0001111111110000
0011000000011000
0011000000011000
0111000000000000
0110000000000000
0110000000000000
0110000000000000
0110000000000000
0110000000000000
0110000000000000
0110000000011000
0111000000011000
0111000000110000
0011111111100000
0001111111100000

0011111111000000
0011111111100000
0011000001110000
0011000000111000
0011000000011100
0011000000011100
0011000000011100
0011000000011100
0011000000011100
0011000000011100
0011000000011100
0011000000011100
0011000000011000
0011000000111000
0011111111110000
0011111111000000

0011111111111110
0011111111111100
0011100000000000
0011100000000000
0011100000000000
0011100000000000
0011100000000000
0011111111110000
0011111111110000
0011100000000000
0011100000000000
0011100000000000
0011100000000000
0011100000000000
0011111111111110
0011111111111111

